0	0	16.0
4	4	4.0
7	7	9.0
9	9	9.0
20	20	4.0
27	1197	6.0
27	27	4.0
48	2202	4.0
48	48	10.0
50	50	16.0
57	57	16.0
65	3277	9.0
65	3267	12.0
65	797	9.0
65	65	9.0
67	2324	12.0
67	67	25.0
69	4107	6.0
69	1237	9.0
69	631	9.0
69	434	9.0
69	69	9.0
83	1227	12.0
83	83	48.0
86	86	16.0
96	96	16.0
105	105	9.0
113	113	4.0
116	116	9.0
144	144	4.0
158	4128	16.0
158	158	16.0
171	1610	4.0
171	171	4.0
172	1252	9.0
172	172	9.0
173	173	1.0
176	2558	9.0
176	176	9.0
178	178	16.0
191	3662	6.0
191	2225	6.0
191	1496	9.0
191	191	9.0
193	193	16.0
203	3949	12.0
203	2552	12.0
203	1033	3.0
203	203	9.0
204	204	1.0
207	2944	4.0
207	207	8.0
208	208	9.0
213	213	1.0
220	220	16.0
222	222	4.0
233	233	9.0
236	236	9.0
251	251	9.0
257	257	4.0
259	425	8.0
259	259	16.0
262	262	9.0
264	264	16.0
265	265	4.0
267	267	32.0
278	1955	8.0
278	810	6.0
278	278	4.0
285	285	4.0
286	1455	9.0
286	1020	9.0
286	295	9.0
286	286	9.0
295	1455	9.0
295	1020	9.0
295	295	9.0
295	286	9.0
309	309	9.0
325	325	4.0
330	330	16.0
334	1378	9.0
334	334	9.0
342	945	1.0
342	725	3.0
342	342	1.0
344	344	9.0
369	369	9.0
384	384	4.0
398	398	9.0
404	404	16.0
410	410	16.0
423	423	4.0
425	425	4.0
425	259	8.0
434	4107	6.0
434	1237	9.0
434	631	9.0
434	434	9.0
434	69	9.0
440	440	9.0
443	443	9.0
451	451	9.0
458	1519	9.0
458	930	3.0
458	479	6.0
458	458	9.0
467	4812	8.0
467	4036	12.0
467	701	12.0
467	768	4.0
467	576	12.0
467	467	32.0
469	469	16.0
479	1519	6.0
479	930	2.0
479	479	4.0
479	458	6.0
482	482	16.0
484	3387	16.0
484	703	12.0
484	484	16.0
490	2963	8.0
490	490	16.0
491	491	9.0
509	509	9.0
516	516	20.0
523	523	16.0
529	529	32.0
562	562	9.0
566	2970	9.0
566	2103	9.0
566	1521	12.0
566	1450	6.0
566	566	9.0
567	567	13.0
574	3130	12.0
574	574	9.0
576	768	3.0
576	576	9.0
576	467	12.0
586	586	4.0
593	593	16.0
597	597	4.0
611	2948	9.0
611	611	9.0
613	613	9.0
622	622	18.0
625	625	20.0
626	626	4.0
627	627	9.0
631	4107	6.0
631	1237	9.0
631	631	9.0
631	434	9.0
631	69	9.0
661	661	9.0
671	4849	12.0
671	671	9.0
687	687	4.0
690	690	16.0
697	697	9.0
701	4812	6.0
701	4036	9.0
701	701	9.0
701	467	12.0
703	3387	12.0
703	703	9.0
703	484	12.0
711	711	9.0
719	719	9.0
725	945	3.0
725	725	9.0
725	342	3.0
748	748	4.0
756	756	16.0
760	760	4.0
768	4228	12.0
768	2654	9.0
768	2644	9.0
768	2162	12.0
768	768	10.0
768	576	3.0
768	467	4.0
770	770	32.0
785	785	16.0
789	789	9.0
797	3277	9.0
797	3267	12.0
797	797	9.0
797	65	9.0
799	799	16.0
803	803	9.0
804	804	16.0
810	1955	12.0
810	810	9.0
810	278	6.0
842	842	9.0
866	3348	9.0
866	866	9.0
880	1021	9.0
880	880	9.0
883	3855	12.0
883	2175	9.0
883	2092	9.0
883	883	18.0
919	1960	9.0
919	919	9.0
922	3949	6.0
922	3218	3.0
922	2133	3.0
922	922	9.0
930	1519	3.0
930	930	1.0
930	479	2.0
930	458	3.0
940	940	9.0
941	941	16.0
945	945	1.0
945	725	3.0
945	342	1.0
953	3871	16.0
953	3127	16.0
953	953	16.0
969	969	1.0
978	3135	6.0
978	978	9.0
1005	1005	4.0
1020	1455	9.0
1020	1020	9.0
1020	295	9.0
1020	286	9.0
1021	1021	9.0
1021	880	9.0
1033	3949	4.0
1033	2552	4.0
1033	1033	1.0
1033	203	3.0
1045	1045	9.0
1046	1046	16.0
1071	1071	16.0
1073	1073	16.0
1093	1093	4.0
1097	1097	9.0
1156	1156	16.0
1162	1162	1.0
1166	1627	12.0
1166	1166	16.0
1179	1179	16.0
1197	4056	12.0
1197	27	6.0
1197	1197	26.0
1209	1209	9.0
1214	1214	4.0
1220	3651	9.0
1220	1220	9.0
1227	1227	9.0
1227	83	12.0
1231	3910	8.0
1231	1231	32.0
1234	1234	16.0
1235	1235	16.0
1237	4107	6.0
1237	1237	9.0
1237	631	9.0
1237	434	9.0
1237	69	9.0
1240	1240	9.0
1241	1241	4.0
1250	1250	32.0
1252	1252	9.0
1252	172	9.0
1261	4832	12.0
1261	1264	16.0
1261	1261	16.0
1264	4832	12.0
1264	1264	25.0
1264	1261	16.0
1267	1267	1.0
1320	3387	9.0
1320	1320	9.0
1335	1662	9.0
1335	1335	9.0
1363	3738	9.0
1363	1363	18.0
1374	1374	1.0
1378	1378	9.0
1378	334	9.0
1439	1439	4.0
1442	1442	9.0
1445	2669	12.0
1445	2497	16.0
1445	1445	16.0
1446	1446	16.0
1450	2970	6.0
1450	2103	6.0
1450	1521	8.0
1450	1450	4.0
1450	566	6.0
1455	1455	9.0
1455	1020	9.0
1455	295	9.0
1455	286	9.0
1480	1480	9.0
1491	1491	9.0
1496	3662	6.0
1496	2225	6.0
1496	1496	9.0
1496	191	9.0
1498	1498	1.0
1505	1505	9.0
1519	1519	9.0
1519	930	3.0
1519	479	6.0
1519	458	9.0
1521	2970	12.0
1521	2103	12.0
1521	1521	16.0
1521	1450	8.0
1521	566	12.0
1538	1538	4.0
1543	1543	4.0
1552	1552	16.0
1555	1555	4.0
1564	4040	4.0
1564	1564	4.0
1604	1864	9.0
1604	1807	9.0
1604	1604	9.0
1606	1606	16.0
1610	3276	6.0
1610	1610	8.0
1610	171	4.0
1627	1627	9.0
1627	1166	12.0
1644	1644	4.0
1649	1649	16.0
1662	1662	9.0
1662	1335	9.0
1678	1678	1.0
1708	1708	16.0
1730	1730	16.0
1733	1733	4.0
1741	1741	16.0
1744	1744	4.0
1780	1780	4.0
1785	3201	9.0
1785	1785	9.0
1790	2836	9.0
1790	1790	13.0
1807	1864	9.0
1807	1807	9.0
1807	1604	9.0
1809	2532	4.0
1809	1809	1.0
1842	1842	9.0
1864	1864	9.0
1864	1807	9.0
1864	1604	9.0
1897	1897	16.0
1906	1906	4.0
1910	1910	16.0
1955	1955	16.0
1955	810	12.0
1955	278	8.0
1960	1960	9.0
1960	919	9.0
1987	4726	12.0
1987	1987	9.0
1990	1990	18.0
1993	3834	9.0
1993	1993	9.0
2019	2019	9.0
2020	2020	9.0
2028	2028	4.0
2033	2569	16.0
2033	2033	16.0
2037	2037	9.0
2050	2050	9.0
2077	2077	13.0
2088	2088	9.0
2092	3855	12.0
2092	2175	9.0
2092	2092	9.0
2092	883	9.0
2098	2098	16.0
2103	2970	9.0
2103	2103	9.0
2103	1521	12.0
2103	1450	6.0
2103	566	9.0
2122	2534	16.0
2122	2122	16.0
2133	3949	2.0
2133	3218	1.0
2133	2133	1.0
2133	922	3.0
2141	2141	16.0
2162	4228	16.0
2162	2654	12.0
2162	2644	12.0
2162	2162	16.0
2162	768	12.0
2171	2171	4.0
2175	3855	12.0
2175	2175	18.0
2175	2092	9.0
2175	883	9.0
2178	2178	4.0
2196	2196	32.0
2202	2202	16.0
2202	48	4.0
2203	2203	9.0
2225	3662	4.0
2225	2225	4.0
2225	1496	6.0
2225	191	6.0
2230	2230	16.0
2231	2231	9.0
2261	2261	4.0
2268	2268	9.0
2324	2324	17.0
2324	67	12.0
2330	4746	3.0
2330	4599	3.0
2330	2330	1.0
2350	2350	16.0
2376	2376	25.0
2385	2385	4.0
2401	2907	9.0
2401	2401	9.0
2497	2669	12.0
2497	2497	16.0
2497	1445	16.0
2532	2532	16.0
2532	1809	4.0
2534	2122	16.0
2534	2534	25.0
2548	2548	16.0
2552	3949	16.0
2552	1033	4.0
2552	203	12.0
2552	2552	25.0
2558	2558	9.0
2558	176	9.0
2569	2033	16.0
2569	2569	32.0
2574	2574	16.0
2581	2581	9.0
2595	2595	9.0
2598	2598	9.0
2602	2602	16.0
2614	2614	25.0
2644	4228	12.0
2644	2654	9.0
2644	2644	9.0
2644	2162	12.0
2644	768	9.0
2654	4228	12.0
2654	2654	9.0
2654	2644	9.0
2654	2162	12.0
2654	768	9.0
2655	3785	12.0
2655	2655	9.0
2669	2669	9.0
2669	2497	12.0
2669	1445	12.0
2675	2675	4.0
2702	3670	2.0
2702	2747	2.0
2702	2702	6.0
2747	2747	1.0
2747	2702	2.0
2762	2762	1.0
2836	2836	9.0
2836	1790	9.0
2907	2907	9.0
2907	2401	9.0
2919	2919	4.0
2930	2930	9.0
2944	2944	4.0
2944	207	4.0
2947	3527	9.0
2947	3505	12.0
2947	2947	9.0
2948	2948	9.0
2948	611	9.0
2963	2963	4.0
2963	490	8.0
2970	2970	9.0
2970	2103	9.0
2970	1521	12.0
2970	1450	6.0
2970	566	9.0
2976	3244	8.0
2976	3139	12.0
2976	2976	16.0
2987	2987	16.0
2991	2991	9.0
3015	3015	9.0
3017	3017	4.0
3031	3031	9.0
3038	3038	18.0
3047	3047	16.0
3052	3052	9.0
3054	3054	9.0
3069	3069	9.0
3083	3083	63.0
3088	3088	9.0
3127	3871	16.0
3127	3127	16.0
3127	953	16.0
3130	3130	17.0
3130	574	12.0
3135	3135	4.0
3135	978	6.0
3139	3244	6.0
3139	3139	9.0
3139	2976	12.0
3201	3201	9.0
3201	1785	9.0
3218	3949	2.0
3218	3218	1.0
3218	2133	1.0
3218	922	3.0
3220	3220	16.0
3225	3225	16.0
3236	3236	16.0
3237	3237	4.0
3244	3244	4.0
3244	3139	6.0
3244	2976	8.0
3257	3257	9.0
3267	3277	12.0
3267	3267	16.0
3267	797	12.0
3267	65	12.0
3275	3275	9.0
3276	3276	9.0
3276	1610	6.0
3277	3277	9.0
3277	3267	12.0
3277	797	9.0
3277	65	9.0
3289	3289	17.0
3295	3295	4.0
3297	3297	16.0
3315	3315	16.0
3317	3317	9.0
3331	3331	9.0
3338	3338	1.0
3348	3348	9.0
3348	866	9.0
3387	1320	9.0
3387	3387	25.0
3387	703	12.0
3387	484	16.0
3394	3394	9.0
3404	3404	9.0
3464	3464	9.0
3482	3482	9.0
3496	3496	16.0
3501	3501	1.0
3505	3527	12.0
3505	3505	16.0
3505	2947	12.0
3516	3516	4.0
3527	3527	9.0
3527	3505	12.0
3527	2947	9.0
3651	3651	9.0
3651	1220	9.0
3662	3662	4.0
3662	2225	4.0
3662	1496	6.0
3662	191	6.0
3668	3668	16.0
3670	3670	4.0
3670	2702	2.0
3674	3674	4.0
3676	3676	4.0
3713	3713	4.0
3727	3727	25.0
3729	3729	9.0
3738	3738	9.0
3738	1363	9.0
3742	3742	9.0
3759	3759	9.0
3769	3769	4.0
3785	3785	16.0
3785	2655	12.0
3831	4641	16.0
3831	3831	32.0
3834	3834	9.0
3834	1993	9.0
3853	3853	9.0
3855	3855	16.0
3855	2175	12.0
3855	2092	12.0
3855	883	12.0
3870	3870	1.0
3871	3871	16.0
3871	3127	16.0
3871	953	16.0
3877	3877	4.0
3903	3903	16.0
3910	3910	4.0
3910	1231	8.0
3924	3924	9.0
3934	3934	9.0
3936	3936	9.0
3939	3939	9.0
3949	2552	16.0
3949	1033	4.0
3949	203	12.0
3949	3949	20.0
3949	3218	2.0
3949	2133	2.0
3949	922	6.0
3951	3951	9.0
3962	3962	1.0
4006	4006	13.0
4012	4012	9.0
4033	4033	9.0
4036	4812	6.0
4036	4036	9.0
4036	701	9.0
4036	467	12.0
4040	4040	4.0
4040	1564	4.0
4044	4044	16.0
4056	4056	9.0
4056	1197	12.0
4107	4107	4.0
4107	1237	6.0
4107	631	6.0
4107	434	6.0
4107	69	6.0
4128	4128	16.0
4128	158	16.0
4131	4131	16.0
4172	4172	16.0
4176	4176	16.0
4178	4178	16.0
4182	4182	16.0
4205	4205	9.0
4228	4228	16.0
4228	2654	12.0
4228	2644	12.0
4228	2162	16.0
4228	768	12.0
4262	4262	9.0
4408	4408	9.0
4441	4441	9.0
4461	4461	4.0
4474	4474	1.0
4599	4746	9.0
4599	4599	9.0
4599	2330	3.0
4641	4641	16.0
4641	3831	16.0
4689	4689	16.0
4726	4726	16.0
4726	1987	12.0
4746	4746	9.0
4746	4599	9.0
4746	2330	3.0
4748	4748	9.0
4757	4757	9.0
4770	4770	32.0
4777	4777	9.0
4812	4812	4.0
4812	4036	6.0
4812	701	6.0
4812	467	8.0
4832	4832	9.0
4832	1264	12.0
4832	1261	12.0
4849	4849	16.0
4849	671	12.0
4904	4904	16.0
