0	0	10.0
1	1	5.0
2	18	1.0
2	5	1.0
2	2	3.0
3	19	3.0
3	18	1.0
3	3	6.0
4	20	1.0
4	19	2.0
4	4	7.0
5	19	4.0
5	36	1.0
5	26	1.0
5	18	1.0
5	5	12.0
5	2	1.0
6	6	7.0
7	7	3.0
8	8	4.0
9	52	1.0
9	50	1.0
9	37	1.0
9	35	1.0
9	17	1.0
9	9	4.0
10	10	2.0
11	46	1.0
11	11	4.0
12	12	2.0
13	13	3.0
14	37	1.0
14	14	6.0
15	60	1.0
15	15	8.0
16	60	1.0
16	97	1.0
16	93	1.0
16	90	1.0
16	85	1.0
16	72	1.0
16	71	1.0
16	66	1.0
16	46	1.0
16	34	1.0
16	33	1.0
16	24	1.0
16	22	1.0
16	16	8.0
17	88	1.0
17	115	2.0
17	52	2.0
17	50	2.0
17	37	1.0
17	35	1.0
17	17	11.0
17	9	1.0
18	3	1.0
18	18	6.0
18	5	1.0
18	2	1.0
19	65	1.0
19	57	1.0
19	46	1.0
19	20	1.0
19	5	4.0
19	4	2.0
19	19	18.0
19	3	3.0
20	70	1.0
20	41	1.0
20	72	1.0
20	113	1.0
20	109	1.0
20	46	1.0
20	19	1.0
20	20	8.0
20	4	1.0
21	21	3.0
22	115	1.0
22	149	1.0
22	73	1.0
22	36	1.0
22	97	1.0
22	93	1.0
22	90	1.0
22	85	1.0
22	72	1.0
22	71	1.0
22	66	1.0
22	46	2.0
22	34	1.0
22	33	2.0
22	24	1.0
22	22	7.0
22	16	1.0
23	76	1.0
23	46	1.0
23	23	9.0
24	152	1.0
24	151	1.0
24	97	1.0
24	93	1.0
24	90	1.0
24	85	1.0
24	72	1.0
24	71	1.0
24	66	1.0
24	46	1.0
24	34	1.0
24	33	1.0
24	24	7.0
24	22	1.0
24	16	1.0
25	115	1.0
25	25	3.0
26	46	1.0
26	152	1.0
26	151	1.0
26	115	2.0
26	76	1.0
26	116	1.0
26	43	1.0
26	36	1.0
26	26	9.0
26	5	1.0
27	27	6.0
28	28	2.0
29	29	5.0
30	30	4.0
31	192	1.0
31	72	1.0
31	31	8.0
32	60	1.0
32	32	10.0
33	50	1.0
33	97	1.0
33	93	1.0
33	90	1.0
33	85	1.0
33	72	1.0
33	71	1.0
33	66	1.0
33	46	1.0
33	34	1.0
33	33	9.0
33	24	1.0
33	22	2.0
33	16	1.0
34	97	1.0
34	93	1.0
34	90	1.0
34	85	1.0
34	72	1.0
34	71	1.0
34	66	1.0
34	46	1.0
34	34	6.0
34	33	1.0
34	24	1.0
34	22	1.0
34	16	1.0
35	58	1.0
35	52	1.0
35	50	1.0
35	37	1.0
35	35	10.0
35	17	1.0
35	9	1.0
36	46	1.0
36	69	1.0
36	149	1.0
36	73	1.0
36	22	1.0
36	36	6.0
36	26	1.0
36	5	1.0
37	65	1.0
37	42	1.0
37	14	1.0
37	52	1.0
37	50	1.0
37	37	5.0
37	35	1.0
37	17	1.0
37	9	1.0
38	38	4.0
39	39	5.0
40	40	4.0
41	56	1.0
41	46	1.0
41	72	1.0
41	41	5.0
41	20	1.0
42	107	1.0
42	53	1.0
42	65	2.0
42	42	5.0
42	37	1.0
43	259	1.0
43	224	1.0
43	145	1.0
43	280	1.0
43	116	1.0
43	43	6.0
43	26	1.0
44	270	1.0
44	230	1.0
44	206	1.0
44	203	1.0
44	151	1.0
44	141	1.0
44	127	1.0
44	123	1.0
44	83	1.0
44	44	6.0
45	164	1.0
45	124	1.0
45	73	1.0
45	45	2.0
46	62	3.0
46	59	1.0
46	57	1.0
46	53	1.0
46	41	1.0
46	36	1.0
46	26	1.0
46	23	1.0
46	115	1.0
46	113	1.0
46	109	1.0
46	20	1.0
46	19	1.0
46	97	1.0
46	93	1.0
46	90	1.0
46	85	1.0
46	72	2.0
46	71	1.0
46	66	1.0
46	34	1.0
46	33	1.0
46	24	1.0
46	22	2.0
46	16	1.0
46	46	20.0
46	11	1.0
47	47	4.0
48	115	1.0
48	51	1.0
48	48	5.0
49	289	2.0
49	82	1.0
49	49	8.0
50	251	1.0
50	33	1.0
50	52	1.0
50	50	5.0
50	37	1.0
50	35	1.0
50	17	2.0
50	9	1.0
51	115	1.0
51	51	10.0
51	48	1.0
52	125	1.0
52	88	1.0
52	52	5.0
52	50	1.0
52	37	1.0
52	35	1.0
52	17	2.0
52	9	1.0
53	308	1.0
53	46	1.0
53	107	1.0
53	65	1.0
53	53	6.0
53	42	1.0
54	212	1.0
54	54	5.0
55	219	1.0
55	55	8.0
56	183	1.0
56	56	5.0
56	41	1.0
57	374	1.0
57	19	1.0
57	57	10.0
57	46	1.0
58	262	1.0
58	259	1.0
58	198	1.0
58	189	1.0
58	151	1.0
58	58	4.0
58	35	1.0
59	46	1.0
59	331	1.0
59	320	1.0
59	203	1.0
59	59	5.0
60	74	1.0
60	32	1.0
60	16	1.0
60	60	6.0
60	15	1.0
61	175	1.0
61	162	1.0
61	61	8.0
62	62	9.0
62	46	3.0
63	383	1.0
63	289	1.0
63	192	1.0
63	63	9.0
64	64	6.0
65	115	1.0
65	19	1.0
65	145	1.0
65	289	1.0
65	107	1.0
65	53	1.0
65	65	12.0
65	42	2.0
65	37	1.0
66	97	1.0
66	93	1.0
66	90	1.0
66	85	1.0
66	72	1.0
66	71	1.0
66	66	9.0
66	46	1.0
66	34	1.0
66	33	1.0
66	24	1.0
66	22	1.0
66	16	1.0
67	268	1.0
67	67	6.0
68	289	1.0
68	68	5.0
69	69	5.0
69	36	1.0
70	20	1.0
70	70	6.0
71	115	2.0
71	97	1.0
71	93	1.0
71	90	1.0
71	85	1.0
71	72	1.0
71	71	6.0
71	66	1.0
71	46	1.0
71	34	1.0
71	33	1.0
71	24	1.0
71	22	1.0
71	16	1.0
72	41	1.0
72	31	1.0
72	20	1.0
72	97	1.0
72	93	1.0
72	90	1.0
72	85	1.0
72	72	9.0
72	71	1.0
72	66	1.0
72	46	2.0
72	34	1.0
72	33	1.0
72	24	1.0
72	22	1.0
72	16	1.0
73	192	1.0
73	124	1.0
73	45	1.0
73	149	1.0
73	73	8.0
73	36	1.0
73	22	1.0
74	60	1.0
74	144	1.0
74	74	6.0
75	358	1.0
75	75	5.0
76	341	1.0
76	225	1.0
76	204	1.0
76	346	1.0
76	172	1.0
76	115	1.0
76	26	1.0
76	76	7.0
76	23	1.0
77	77	8.0
78	78	3.0
79	147	1.0
79	79	2.0
80	80	4.0
81	81	8.0
82	82	8.0
82	49	1.0
83	170	1.0
83	270	1.0
83	230	1.0
83	206	1.0
83	203	1.0
83	151	1.0
83	141	1.0
83	127	1.0
83	123	1.0
83	83	5.0
83	44	1.0
84	84	7.0
85	97	1.0
85	93	1.0
85	90	1.0
85	85	3.0
85	72	1.0
85	71	1.0
85	66	1.0
85	46	1.0
85	34	1.0
85	33	1.0
85	24	1.0
85	22	1.0
85	16	1.0
86	86	4.0
87	87	3.0
88	88	4.0
88	52	1.0
88	17	1.0
89	89	9.0
90	97	1.0
90	93	1.0
90	90	6.0
90	85	1.0
90	72	1.0
90	71	1.0
90	66	1.0
90	46	1.0
90	34	1.0
90	33	1.0
90	24	1.0
90	22	1.0
90	16	1.0
91	272	1.0
91	261	1.0
91	91	3.0
92	92	3.0
93	97	1.0
93	93	10.0
93	90	1.0
93	85	1.0
93	72	1.0
93	71	1.0
93	66	1.0
93	46	1.0
93	34	1.0
93	33	1.0
93	24	1.0
93	22	1.0
93	16	1.0
94	94	2.0
95	95	10.0
96	96	3.0
97	403	1.0
97	97	6.0
97	93	1.0
97	90	1.0
97	85	1.0
97	72	1.0
97	71	1.0
97	66	1.0
97	46	1.0
97	34	1.0
97	33	1.0
97	24	1.0
97	22	1.0
97	16	1.0
98	98	4.0
99	99	8.0
100	403	1.0
100	100	9.0
101	101	4.0
102	102	3.0
103	103	5.0
104	104	8.0
105	424	1.0
105	109	1.0
105	105	3.0
106	106	2.0
107	107	8.0
107	65	1.0
107	53	1.0
107	42	1.0
108	108	6.0
109	327	1.0
109	105	1.0
109	113	1.0
109	109	6.0
109	46	1.0
109	20	1.0
110	110	5.0
111	111	7.0
112	112	2.0
113	113	7.0
113	109	1.0
113	46	1.0
113	20	1.0
114	114	13.0
115	71	2.0
115	65	1.0
115	51	1.0
115	48	1.0
115	152	1.0
115	151	1.0
115	76	1.0
115	26	2.0
115	25	1.0
115	46	1.0
115	22	1.0
115	115	17.0
115	17	2.0
116	116	6.0
116	43	1.0
116	26	1.0
117	117	5.0
118	118	7.0
119	119	5.0
120	120	6.0
121	121	2.0
122	210	1.0
122	361	1.0
122	122	12.0
123	329	1.0
123	270	1.0
123	230	1.0
123	206	1.0
123	203	1.0
123	151	1.0
123	141	1.0
123	127	1.0
123	123	11.0
123	83	1.0
123	44	1.0
124	124	4.0
124	73	1.0
124	45	1.0
125	125	3.0
125	52	1.0
126	172	1.0
126	126	5.0
127	270	1.0
127	230	1.0
127	206	1.0
127	203	1.0
127	151	1.0
127	141	1.0
127	127	18.0
127	123	1.0
127	83	1.0
127	44	1.0
128	128	8.0
129	461	1.0
129	346	1.0
129	201	1.0
129	129	14.0
130	130	5.0
131	131	7.0
132	132	6.0
133	133	5.0
134	263	1.0
134	134	8.0
135	445	1.0
135	135	11.0
136	226	1.0
136	136	8.0
137	137	5.0
138	138	4.0
139	139	1.0
140	140	9.0
141	176	1.0
141	270	1.0
141	230	1.0
141	206	1.0
141	203	1.0
141	151	2.0
141	141	8.0
141	127	1.0
141	123	1.0
141	83	1.0
141	44	1.0
142	142	17.0
143	143	6.0
144	144	12.0
144	74	1.0
145	65	1.0
145	145	3.0
145	43	1.0
146	146	6.0
147	147	8.0
147	79	1.0
148	148	4.0
149	149	4.0
149	73	1.0
149	36	1.0
149	22	1.0
150	150	7.0
151	176	1.0
151	262	1.0
151	259	1.0
151	198	1.0
151	189	1.0
151	58	1.0
151	270	1.0
151	230	1.0
151	206	1.0
151	203	1.0
151	141	2.0
151	127	1.0
151	123	1.0
151	83	1.0
151	44	1.0
151	115	1.0
151	26	1.0
151	152	2.0
151	151	9.0
151	24	1.0
152	115	1.0
152	26	1.0
152	152	14.0
152	151	2.0
152	24	1.0
153	153	6.0
154	154	7.0
155	459	1.0
155	155	10.0
156	156	10.0
157	157	11.0
158	158	7.0
159	159	6.0
160	160	4.0
161	317	1.0
161	161	6.0
162	175	1.0
162	162	4.0
162	61	1.0
163	163	6.0
164	164	6.0
164	45	1.0
165	165	12.0
166	166	6.0
167	292	1.0
167	230	1.0
167	167	12.0
168	168	6.0
169	169	10.0
170	170	12.0
170	83	1.0
171	171	8.0
172	126	1.0
172	346	1.0
172	172	6.0
172	76	1.0
173	173	6.0
174	174	3.0
175	175	7.0
175	162	1.0
175	61	1.0
176	176	5.0
176	151	1.0
176	141	1.0
177	177	6.0
178	178	12.0
179	179	5.0
180	180	6.0
181	181	9.0
182	395	1.0
182	182	4.0
183	183	5.0
183	56	1.0
184	184	8.0
185	185	2.0
186	186	10.0
187	187	5.0
188	188	7.0
189	262	1.0
189	259	1.0
189	198	1.0
189	189	6.0
189	151	1.0
189	58	1.0
190	190	6.0
191	409	1.0
191	191	6.0
192	73	1.0
192	383	1.0
192	289	1.0
192	63	1.0
192	192	9.0
192	31	1.0
193	449	1.0
193	193	7.0
194	194	2.0
195	195	9.0
196	196	4.0
197	197	6.0
198	262	1.0
198	259	1.0
198	198	4.0
198	189	1.0
198	151	1.0
198	58	1.0
199	199	3.0
200	200	7.0
201	461	1.0
201	346	1.0
201	201	18.0
201	129	1.0
202	202	4.0
203	331	1.0
203	320	1.0
203	59	1.0
203	270	1.0
203	230	1.0
203	206	1.0
203	203	6.0
203	151	1.0
203	141	1.0
203	127	1.0
203	123	1.0
203	83	1.0
203	44	1.0
204	341	1.0
204	225	1.0
204	204	6.0
204	76	1.0
205	205	13.0
206	270	1.0
206	230	1.0
206	206	7.0
206	203	1.0
206	151	1.0
206	141	1.0
206	127	1.0
206	123	1.0
206	83	1.0
206	44	1.0
207	207	6.0
208	383	1.0
208	208	6.0
209	209	5.0
210	210	14.0
210	122	1.0
211	211	6.0
212	212	7.0
212	54	1.0
213	213	6.0
214	214	4.0
215	215	6.0
216	216	3.0
217	217	10.0
218	218	5.0
219	219	9.0
219	55	1.0
220	220	8.0
221	221	11.0
222	222	9.0
223	223	7.0
224	259	1.0
224	224	5.0
224	43	1.0
225	341	1.0
225	225	4.0
225	204	1.0
225	76	1.0
226	226	10.0
226	136	1.0
227	329	1.0
227	227	12.0
228	228	9.0
229	345	1.0
229	229	6.0
230	292	1.0
230	167	1.0
230	270	1.0
230	230	8.0
230	206	1.0
230	203	1.0
230	151	1.0
230	141	1.0
230	127	1.0
230	123	1.0
230	83	1.0
230	44	1.0
231	231	7.0
232	232	12.0
233	233	4.0
234	234	11.0
235	235	5.0
236	236	9.0
237	321	1.0
237	237	15.0
238	238	14.0
239	239	11.0
240	240	7.0
241	241	9.0
242	242	11.0
243	243	14.0
244	244	10.0
245	245	5.0
246	246	3.0
247	247	4.0
248	248	4.0
249	249	9.0
250	250	7.0
251	251	8.0
251	50	1.0
252	252	4.0
253	253	5.0
254	263	1.0
254	254	23.0
255	255	6.0
256	256	8.0
257	257	3.0
258	258	14.0
259	262	1.0
259	198	1.0
259	189	1.0
259	151	1.0
259	58	1.0
259	259	8.0
259	224	1.0
259	43	1.0
260	260	8.0
261	272	1.0
261	261	10.0
261	91	1.0
262	262	9.0
262	259	1.0
262	198	1.0
262	189	1.0
262	151	1.0
262	58	1.0
263	254	1.0
263	263	10.0
263	134	1.0
264	264	16.0
265	265	15.0
266	266	2.0
267	267	7.0
268	268	9.0
268	67	1.0
269	269	10.0
270	270	11.0
270	230	1.0
270	206	1.0
270	203	1.0
270	151	1.0
270	141	1.0
270	127	1.0
270	123	1.0
270	83	1.0
270	44	1.0
271	271	2.0
272	272	11.0
272	261	1.0
272	91	1.0
273	273	11.0
274	460	1.0
274	274	7.0
275	275	11.0
276	276	3.0
277	277	4.0
278	451	1.0
278	278	15.0
279	279	9.0
280	280	8.0
280	43	1.0
281	281	11.0
282	342	1.0
282	282	3.0
283	283	14.0
284	284	10.0
285	285	2.0
286	286	17.0
287	287	6.0
288	288	16.0
289	68	1.0
289	65	1.0
289	383	1.0
289	192	1.0
289	63	1.0
289	289	15.0
289	49	2.0
290	290	9.0
291	291	3.0
292	292	13.0
292	230	1.0
292	167	1.0
293	293	5.0
294	294	7.0
295	295	3.0
296	296	21.0
297	297	4.0
298	298	12.0
299	299	6.0
300	300	6.0
301	301	7.0
302	302	9.0
303	303	5.0
304	304	11.0
305	305	6.0
306	306	4.0
307	307	16.0
308	308	18.0
308	53	1.0
309	309	7.0
310	310	3.0
311	311	5.0
312	420	1.0
312	417	1.0
312	312	8.0
313	313	5.0
314	314	9.0
315	315	11.0
316	402	1.0
316	316	3.0
317	317	8.0
317	161	1.0
318	318	6.0
319	319	6.0
320	331	1.0
320	320	5.0
320	203	1.0
320	59	1.0
321	450	1.0
321	321	7.0
321	237	1.0
322	322	9.0
323	332	1.0
323	323	5.0
324	324	8.0
325	475	1.0
325	459	1.0
325	395	1.0
325	371	1.0
325	344	1.0
325	341	1.0
325	325	10.0
326	326	9.0
327	327	15.0
327	109	1.0
328	328	2.0
329	227	1.0
329	329	11.0
329	123	1.0
330	330	3.0
331	422	1.0
331	331	4.0
331	320	1.0
331	203	1.0
331	59	1.0
332	332	10.0
332	323	1.0
333	419	1.0
333	333	7.0
334	334	7.0
335	335	5.0
336	336	8.0
337	337	10.0
338	338	5.0
339	339	5.0
340	340	6.0
341	402	2.0
341	475	1.0
341	459	1.0
341	395	1.0
341	371	1.0
341	344	1.0
341	325	1.0
341	341	9.0
341	225	1.0
341	204	1.0
341	76	1.0
342	342	12.0
342	282	1.0
343	343	9.0
344	351	1.0
344	475	1.0
344	459	1.0
344	395	1.0
344	371	1.0
344	344	7.0
344	341	1.0
344	325	1.0
345	460	1.0
345	345	10.0
345	229	1.0
346	461	1.0
346	201	1.0
346	129	1.0
346	346	6.0
346	172	1.0
346	76	1.0
347	347	10.0
348	348	8.0
349	349	3.0
350	350	5.0
351	351	8.0
351	344	1.0
352	352	8.0
353	353	12.0
354	354	8.0
355	355	3.0
356	356	6.0
357	450	1.0
357	357	12.0
358	358	16.0
358	75	1.0
359	359	5.0
360	360	11.0
361	361	9.0
361	122	1.0
362	362	9.0
363	363	6.0
364	364	12.0
365	365	6.0
366	366	9.0
367	367	2.0
368	368	9.0
369	369	5.0
370	370	7.0
371	475	1.0
371	459	1.0
371	395	1.0
371	371	8.0
371	344	1.0
371	341	1.0
371	325	1.0
372	372	7.0
373	373	6.0
374	374	17.0
374	57	1.0
375	375	8.0
376	482	1.0
376	376	11.0
377	377	11.0
378	378	9.0
379	379	3.0
380	380	8.0
381	464	1.0
381	381	7.0
382	382	5.0
383	208	1.0
383	383	16.0
383	289	1.0
383	192	1.0
383	63	1.0
384	384	6.0
385	385	4.0
386	386	10.0
387	387	2.0
388	388	3.0
389	389	7.0
390	390	5.0
391	391	14.0
392	392	11.0
393	393	8.0
394	394	9.0
395	475	1.0
395	459	1.0
395	371	1.0
395	344	1.0
395	341	1.0
395	325	1.0
395	395	5.0
395	182	1.0
396	396	4.0
397	397	4.0
398	398	5.0
399	399	10.0
400	400	7.0
401	401	14.0
402	448	1.0
402	341	2.0
402	402	9.0
402	316	1.0
403	100	1.0
403	403	8.0
403	97	1.0
404	404	8.0
405	405	6.0
406	406	4.0
407	407	5.0
408	408	3.0
409	409	6.0
409	191	1.0
410	410	6.0
411	411	3.0
412	412	4.0
413	413	2.0
414	414	7.0
415	415	7.0
416	416	12.0
417	420	1.0
417	417	4.0
417	312	1.0
418	418	7.0
419	419	6.0
419	333	1.0
420	420	7.0
420	417	1.0
420	312	1.0
421	421	12.0
422	422	7.0
422	331	1.0
423	423	6.0
424	424	5.0
424	105	1.0
425	425	11.0
426	426	6.0
427	427	5.0
428	428	5.0
429	429	3.0
430	430	9.0
431	431	8.0
432	432	7.0
433	433	14.0
434	434	4.0
435	435	14.0
436	436	12.0
437	437	12.0
438	438	11.0
439	439	3.0
440	440	8.0
441	441	11.0
442	442	6.0
443	443	2.0
444	444	2.0
445	445	13.0
445	135	1.0
446	446	6.0
447	447	5.0
448	448	6.0
448	402	1.0
449	449	5.0
449	193	1.0
450	357	1.0
450	450	7.0
450	321	1.0
451	451	8.0
451	278	1.0
452	452	4.0
453	453	7.0
454	454	4.0
455	455	5.0
456	456	5.0
457	457	7.0
458	458	3.0
459	475	1.0
459	395	1.0
459	371	1.0
459	344	1.0
459	341	1.0
459	325	1.0
459	459	9.0
459	155	1.0
460	345	1.0
460	460	4.0
460	274	1.0
461	461	7.0
461	346	1.0
461	201	1.0
461	129	1.0
462	462	6.0
463	463	13.0
464	464	9.0
464	381	1.0
465	465	12.0
466	466	9.0
467	467	7.0
468	468	5.0
469	469	15.0
470	470	7.0
471	471	7.0
472	472	7.0
473	473	8.0
474	474	5.0
475	475	16.0
475	459	1.0
475	395	1.0
475	371	1.0
475	344	1.0
475	341	1.0
475	325	1.0
476	476	8.0
477	477	8.0
478	478	4.0
479	479	16.0
480	480	5.0
481	481	7.0
482	482	3.0
482	376	1.0
483	483	14.0
484	484	5.0
485	485	8.0
486	486	8.0
487	487	7.0
488	488	4.0
